0.053505777267498583 0.02050650646477703 0.028503173126416641 0.020505655795966856 0.027500084768940104 0.026500886990702556 0.024500450520987392 0.022504222691400476 0.031501926934552317 0.01651252707007975 0.036503705005968404 0.014504365249257307 0.028506673927020922 0.029501212911773822 0.016504795257603469 0.029510456751373294 0.028500912570601875 0.018510779996472399 0.027503717709940971 0.09950838330917014 -0.37695253602401979
0.05450758502997563 0.018501148126549797 0.03050292797570392 0.01950292502986482 0.031502459996986996 0.018506794213466789 0.029504996616892976 0.02250488729038579 0.028504655228989224 0.019502441511404268 0.032508829508561279 0.021529643627431594 0.022505686472413317 0.030523260018498533 0.020526714246722418 0.030530423083574471 0.023520382709146661 0.019525576550403045 0.028506407817837708 0.099521302002100659 -0.37727956905977161
0.055500554162634344 0.018500995767695819 0.026504098063767936 0.025501555415814031 0.022501121636407672 0.027503319852341179 0.025527024333848996 0.026513884057748419 0.023507217528255693 0.020501541611385912 0.036514924063907328 0.015517630586476741 0.030500260469973398 0.020506936544465778 0.029502807480616958 0.02750103241732961 0.01950165484562448 0.02950083307578202 0.019512949385994044 0.099512050610111619 -0.37770718506827039
0.060501070364443216 0.01150122529053418 0.02650009842652043 0.030501918643286483 0.017514176372129361 0.033529798780964577 0.017511594102150665 0.028518808146378763 0.025533115701918893 0.024518735916065883 0.025503784889587593 0.030503191553485475 0.016508645095651087 0.031520679413564998 0.021523279975933753 0.02752073042724798 0.019502629326407079 0.037531621235653879 0.01254739330597068 0.099506532389943114 -0.37677894044032284
0.052500430275726893 0.021502662887335131 0.026500781585902602 0.023500177841599069 0.027502010574297714 0.026500609229202408 0.021510310938898453 0.02950072614055892 0.020500638938445101 0.027501574961184109 0.025500253790236054 0.020501457621850978 0.029502819846297223 0.026501410748985904 0.02350173677318057 0.022505583358224512 0.032509098586115892 0.016501314316205582 0.028505961906382771 0.099506295787061078 -0.37740520924566773
0.055500744926892262 0.017502968514423779 0.029512252847786032 0.026505503258139742 0.017503007884272451 0.034501220427055952 0.018506939766609193 0.025500581005262077 0.028503344830695741 0.025526692787329715 0.024501833405497341 0.022508996555561319 0.031503632177080659 0.01750485729286191 0.033504578434164108 0.016539044424824415 0.029520737192419162 0.021502710416970622 0.026559022941125537 0.099531272298182233 -0.37725725049801828
0.056500536623652467 0.020501884030127496 0.024515814104386007 0.02151526508013003 0.032500267827799488 0.01951147189075015 0.029500444519102019 0.021505139952553244 0.029500136454780564 0.018500996181794419 0.030505180302587948 0.0255031862958119 0.023502500380540307 0.026503888761523466 0.023513635308177794 0.025501624468278781 0.028500567669870493 0.021503209292580434 0.023502642665875813 0.099505975289816972 -0.37747152943819118
0.052500098533217521 0.023501049394553161 0.021504132448007481 0.030506357633761909 0.020521354511367561 0.026506524825379043 0.025513299628084702 0.027503197426413498 0.022505311670104479 0.026504909107949958 0.021550773467315164 0.028501249881062583 0.028501026148988407 0.01650316644684784 0.035510272631634553 0.014526142245725571 0.029503940245431057 0.028524091649234192 0.017509040488019913 0.099532859954008221 -0.37706666758297319
0.056500065151593767 0.017500692963719519 0.025502583702362313 0.029502626969444612 0.019514677159374626 0.02750390349801184 0.027500921078933812 0.020504102791935271 0.032501337062947347 0.017512464967215955 0.032500685605810611 0.020509282923262054 0.028500256615256653 0.018509477077913328 0.031500789953604079 0.023507963049211412 0.020502068965477668 0.031529547652829164 0.017512816034805544 0.099500177301731052 -0.37745931405647576
0.058504122859259107 0.014508014969878441 0.027501520611757521 0.022512377594251273 0.030503602439475364 0.021502162597655111 0.024503908599577819 0.031503041447049143 0.016505600026596616 0.03550686925252465 0.018542844871529483 0.023511579462945499 0.029504439852028778 0.02150201285788263 0.025502137753355386 0.029513968615728099 0.015511506741789843 0.036507934949029014 0.018535238903458304 0.099586209916666127 -0.37752299045610888
