1.7337084460665078 -8.2572126752994865 0.030431182926230937 -0.33474045640156269 0.13487044444444443 4.3559999999963797e-05 -8.2595694422316246 
1.7396738827388274 -8.3256874269234107 0.030429605128897516 -0.33468488448062944 0.13135133333333332 4.3559999999963797e-05 -8.3280441938553551 
1.7398340529170624 -8.3253485322064869 0.030419189522675222 -0.33460355016540055 0.13096122222222223 4.332000000004706e-05 -8.3276946149123052 
1.7395903868639084 -8.3250313946851122 0.030424580481785972 -0.33459989802991286 0.13132388888888888 4.3559999999963797e-05 -8.327388161617181 
1.7407717599345136 -8.3377335713727589 0.030423782420452662 -0.33469693583344767 0.13079255555555555 4.3559999999963797e-05 -8.3400903383049698 
1.7372782926694499 -8.2982472777641156 0.030428426049786409 -0.33469993567208961 0.13276522222222223 4.3559999999963797e-05 -8.3006040446961897 
1.7384451304025834 -8.310884757662933 0.030422752365341491 -0.33467124800536741 0.13200588888888889 4.3559999999963797e-05 -8.3132415245950977 
1.7372757186189316 -8.2985309264674214 0.030432975211564368 -0.3346810770131477 0.13268566666666667 4.3559999999963797e-05 -8.3008876933994866 
1.7429856497312188 -8.3638651532187378 0.030418318068453173 -0.33480925969272485 0.12994755555555557 4.3559999999963797e-05 -8.366221920150819 
1.7348879618175264 -8.2704510761639209 0.03043220590845323 -0.33468244242130007 0.13409122222222222 4.3559999999963797e-05 -8.2728078430961336 
