0.63750700716349873 -1.9762295535230316 0.021161735412442598 -0.10333775112730917 0.72729911111111112 8.6719999999865555e-05 -1.9793117668116109 
0.63863570519489232 -1.9856208621801656 0.021549870628453021 -0.10339420839737749 0.72699255555555553 7.8839999999829737e-05 -1.9894224500396891 
0.63678044366383713 -1.9681665419740211 0.021937951139549487 -0.10337413871309281 0.72921800000000003 7.0599999999934875e-05 -1.9708220592369401 
0.63538101236340994 -1.9542547117879934 0.023875523626663505 -0.10342365103046196 0.72989655555555555 0.00011671999999994512 -1.959180464689867 
0.63642426866629209 -1.9654017809135382 0.020773484848005178 -0.10348609909615802 0.72769566666666663 5.8600000000018684e-05 -1.9673705263198156 
0.64025571597624642 -1.9999828555764925 0.021937948919993927 -0.10347201981282553 0.72446066666666664 8.8400000000085768e-05 -2.0036498618595595 
0.6414961927814663 -2.0098139539220452 0.022325787416886629 -0.1033404296101961 0.72725133333333336 6.6000000000062929e-05 -2.0126778850985589 
0.63610910760030814 -1.9726341921051596 0.020773488646227405 -0.1034077745263409 0.72902311111111107 7.7680000000161887e-05 -1.9750136590205258 
0.63732591655412207 -1.979855587992029 0.022325792961775507 -0.10328018539013126 0.72851111111111111 9.1440000000110486e-05 -1.9831659448496823 
0.63578293953035514 -1.9535281438887455 0.023100931118210842 -0.10360160809791207 0.72913933333333336 9.9160000000140275e-05 -1.957404949938832 
