0.40384316485505206 -0.68908451543669602 0.022324087062220322 -0.07947816264465131 0.83244733333333332 0.017450000000035017 5158.7330341339075 
0.21555218380481941 0.11737612853589897 0.025035906833772929 -0.0094776982970235981 0.94257233333333335 0.021449999999971128 2831.0395917300093 
0.11974978337923628 0.21798354823345875 0.026194067824889367 0.0047927989438511214 0.99993011111111108 0.015300000000019701 2852.5491886198483 
0.30625920902081299 -0.46463922839078059 0.031201684043535356 -0.037154976211473331 0.90069711111111106 0.018700000000024777 21895.067734719276 
0.60688919677834585 -2.0359416240677448 0.032353124459570712 -0.10214585260928838 0.73232966666666666 0.022349999999972048 3822635.1765137627 
0.57328280880917837 -1.9508741828496214 0.031201657485313099 -0.10250579989660251 0.73426744444444447 0.015249999999991503 2351.479737572146 
0.53528987182081145 -1.7482293872992538 0.032352316965348279 -0.098048458286028858 0.75237033333333336 0.013200000000003813 8556.2237909249616 
0.072961088613025346 0.09153083965576625 0.019995068133331465 0.00093616202176831159 1 0.0047999999999927736 inf 
0.63744359148440244 -2.1309121594735791 0.030048745462232636 -0.10260816654282069 0.72549144444444447 0.027099999999979724 99742.911539034976 
0.62697246587272282 -2.2613950517588299 0.03311855268976218 -0.10223364946684391 0.71923544444444443 0.021899999999971571 2464.2270080744865 
0.65484908975487854 -2.4256560389889463 0.034268815920896166 -0.1025756540208998 0.7098105555555555 0.024750000000029443 2922.1199063676772 
0.57183261549130737 -1.8402026965849254 0.030048910007121465 -0.10188261578462195 0.74097088888888885 0.018600000000037142 5237.7929620313962 
0.63111246359178641 -2.2254437785369898 0.033117530455984985 -0.10233428572028262 0.72041488888888894 0.023699999999982502 15141.911647081351 
0.085729346384476129 0.12331255387465637 0.027350220821328527 1.2807441067311292e-05 1 0.005749999999991544 inf 
0.10659950721248759 0.19162201449832569 0.026195217559111587 0.0038892808973204781 1 0.012649999999995182 142727.90490862512 
0.26540128445306438 -0.46632776858559027 0.031201104001757383 -0.036896169444790003 0.91062566666666667 0.010850000000004533 inf 
0.63492480445614352 -2.2783520600178604 0.03311855268976218 -0.1023515797300025 0.71906122222222224 0.023349999999978461 2734.0543883427326 
0.61027159035372169 -2.1629289351269358 0.032353102579570713 -0.10233116497154984 0.72458922222222222 0.019800000000019573 10114.619226666062 
0.65922266154309195 -2.5954776680344187 0.036181254877336089 -0.10213838260677492 0.69524966666666665 0.022249999999988175 6076.9779353867598 
0.628744702804369 -2.4029936088034791 0.034268391459563195 -0.10220766965984145 0.71094133333333331 0.018749999999970759 117456.45546018786 
0.6080804627611216 -2.2380251818062953 0.033119253961761824 -0.10190022283666308 0.7205057777777778 0.017550000000023769 13374.576659068918 
0.59486131533850894 -2.0993573020262919 0.033117856116429187 -0.10184897408597056 0.72608811111111116 0.017849999999970272 14353.012095427834 
0.5113436602059499 -1.3679931234945979 0.030045360450678769 -0.096335232609865304 0.77701944444444448 0.019199999999971094 22851.895468055856 
0.60529348602076349 -2.2063407942956803 0.033119217178650753 -0.10182984796337693 0.72200011111111106 0.017749999999982446 29774.683192918772 
0.11772486823797937 0.15681321456542316 0.029276754493312785 0.00027452075710109096 0.99649933333333329 0.010850000000004533 6244.0858952341387 
0.66013161910384444 -2.4239724972610972 0.03426878277245176 -0.10246750241023253 0.71036255555555561 0.026049999999978344 30035.687339315347 
0.60124730847631058 -1.9710931925627444 0.029278333858645804 -0.10250980774729652 0.7337987777777778 0.022650000000055317 3962.4486888602223 
0.67986739398187446 -2.6174464753483262 0.036180515762668855 -0.10260046427186832 0.69486022222222221 0.026249999999939985 4156.8460160664263 
0.12963314723364588 0.21305910871821412 0.025035977959106281 0.0074583986490268945 0.99347466666666662 0.017949999999985405 18401.696675554704 
0.12997160344138955 0.21779829649027843 0.028124023749337045 0.0066692634132399205 0.99665388888888884 0.017499999999986159 15855.900532556867 
0.57569025641318561 -1.872946796863455 0.029279470243534556 -0.10205294298562563 0.73934833333333339 0.018749999999970759 inf 
0.62463841325118807 -2.5901397867747447 0.036181086496002643 -0.10189115027750906 0.69523555555555561 0.012950000000022499 inf 
0.13609911943126093 0.18169732570341315 0.030045360450678769 0.0057379021472687402 0.99466622222222223 0.017049999999987027 22851.895468055856 
0.52681455988022607 -1.4306606240482764 0.025035745474661922 -0.10231859065921536 0.76590455555555559 0.018700000000024777 5158.7330341339075 
0.084423127882186685 0.13360911457008248 0.025035346871106499 0.00097275136354016954 1 0.0067999999999984097 32571.956512963323 
0.56231134882067713 -1.661481784057427 0.02619525377155605 -0.10205626583189704 0.74973088888888884 0.021449999999971128 5159.1762981544143 
0.55712136918805599 -1.9848375435790626 0.032352834681792855 -0.10227291504420104 0.73258122222222222 0.0095000000000026036 61082.987253469924 
0.097717024736176675 0.15985696458394363 0.02812203047733593 0.00094974381137188609 0.99997088888888885 0.0085000000000169766 inf 
0.40530138082119749 -0.87179074886248009 0.028123699801781286 -0.071850740905604935 0.83617488888888891 0.017049999999987027 inf 
0.11815643199200307 0.22856245129263661 0.024649018627558195 0.0048916250189623475 1 0.015699999999990239 2852.5491886198483 
0.67316732353676978 -2.4551759375817079 0.03426878277245176 -0.10293929147021952 0.70887233333333333 0.027900000000034206 8340.5794964602555 
0.68609751963808485 -2.6297113552344418 0.036180515762668855 -0.10267754059909211 0.69478422222222225 0.027149999999939781 4156.8460160664263 
0.61706807263214736 -2.0555240002157604 0.030047967161788616 -0.10252688192630691 0.72941266666666671 0.024449999999940842 5772.6748701929591 
0.60216991434051714 -1.9188430052887486 0.031200908495090673 -0.10235066334578713 0.73621977777777781 0.024049999999989156 6035.3631367711614 
0.64041753865212325 -2.2420510828561482 0.031201823650646433 -0.10255984784188103 0.71957177777777781 0.025699999999982178 3412.9589612135355 
0.13580011017920227 0.13446630162614542 0.030047781248010986 0.0013803547847657423 0.99255944444444444 0.014200000000000828 33743.788187940634 
0.49926744625891756 -1.2985343481395775 0.029277252647979393 -0.099955356085904182 0.77800033333333329 0.016049999999969995 35758.230945237214 
0.6596126939206568 -2.5034331089285575 0.035034344753755331 -0.10237201903886954 0.70270277777777779 0.024249999999978327 5099.8921165009197 
0.15129842107297384 0.10425930941840786 0.031201646136868648 0.0022124830210351614 0.98691144444444445 0.016599999999987954 4852.7974912341069 
0.66973191445799518 -2.4171369705073111 0.033117768805318165 -0.10271604384146645 0.71124355555555552 0.027999999999975086 9903.5320303727567 
0.1195795570139893 0.1814566071733055 0.029278668106645797 0.0057595004485014607 0.99992188888888889 0.014699999999969701 26131.681179004961 
0.64204040982368127 -2.4607023904004781 0.035034344753755331 -0.10213822758744197 0.70310799999999996 0.021150000000022501 4746.1321742090176 
0.62783711933785735 -2.1849787757145802 0.032352663636459493 -0.10243847592625006 0.72319377777777782 0.023899999999973994 1646.8939936647585 
0.085204340058283146 0.13405469956710023 0.026194832779556008 1.5346514226643029e-05 1 0.0060999999999995086 inf 
0.22576657450901377 0.071108571864663461 0.028124072165337039 -0.013137767438433067 0.93671655555555555 0.02095000000003424 6910.3975551231015 
0.56618157240342137 -1.5673746920006695 0.02812156681333576 -0.10211764048499386 0.75832944444444439 0.024899999999940584 5539.7915966548862 
0.63503446094036475 -2.4817671683824369 0.035034511104866495 -0.10202424841057506 0.70229755555555551 0.018849999999981958 3608.7382071964057 
0.11670619421719672 0.22209552369368968 0.023098919081766454 0.0058001314737641842 0.99740677777777775 0.016100000000031502 5688.0195905441569 
0.63603247424144005 -2.4920162948302544 0.035034174214199729 -0.10214292426359989 0.70321800000000001 0.018600000000037142 11690.63074758672 
0.67892134584392305 -2.5183253453303589 0.035033408458644007 -0.1030312672171442 0.70261099999999999 0.027799999999993337 4405.0766815546131 
0.6715726094973149 -2.5144118183795792 0.035032810333310578 -0.10251581647491738 0.70224844444444445 0.026599999999989025 4405.0766815546131 
0.39606642108545326 -0.83904561201989092 0.030047884715566443 -0.069198744832616219 0.84118099999999996 0.017049999999987027 5688.0195905441569 
0.38976872729841383 -0.97286218500231647 0.032350294708458849 -0.060555352591476916 0.84518066666666669 0.015949999999980095 inf 
0.098197380080761482 0.1282065064667719 0.030047424016011175 0.0018528760037518641 0.99990755555555555 0.0082999999999939771 433669.81265938771 
0.63589372349975737 -2.4825255246563254 0.035034145826644159 -0.10193939521207931 0.70323599999999997 0.019199999999971094 14086.847838187059 
0.59730751640128299 -2.0213923781465271 0.03235262761423726 -0.10200959096535257 0.73230255555555557 0.020549999999970221 26418.397596084505 
0.60659850360098477 -2.0581927366378183 0.033118835235539788 -0.10210945333364389 0.72921188888888888 0.021649999999964923 6263.8050216970214 
0.59044833143727815 -2.0366711750071311 0.03235262761423726 -0.10188832202921289 0.73112444444444447 0.018350000000037364 10358.968568325041 
0.57663326277296489 -2.0862246538472946 0.032352787966237313 -0.10234853231620715 0.72773933333333329 0.012150000000014264 24478.061062859968 
0.59492424876594763 -2.0885812725135948 0.032353168600904057 -0.10209195444643618 0.72820188888888893 0.017650000000003205 33809.445584168883 
0.64627970481099206 -2.3171304459759976 0.032353063613348464 -0.10246181863963423 0.7165286666666667 0.025200000000030358 304047.71845894633 
0.63749337368977077 -2.3985996596489896 0.03426863128978519 -0.10221689907566767 0.71058155555555558 0.021300000000049564 3738.2515471577599 
0.66638705988688141 -2.5108041626333955 0.035032810333310578 -0.10247897617015321 0.70226055555555555 0.025699999999982178 4405.0766815546131 
0.073436704584423501 0.093897637078579566 0.023100902348433039 -2.5565465809763222e-05 1 0.0039499999999949584 inf 
0.10492747556739603 0.18296040029884705 0.019215958089784931 0.0058280898661640414 0.99691288888888885 0.013999999999987543 3265.5473802903712 
0.0944575254414073 0.15802876972372579 0.023098513255099689 0.003926518336000411 1 0.010750000000007424 inf 
0.60644577241666475 -2.1134158327183039 0.031200425999090713 -0.10199897980467336 0.72628922222222225 0.020500000000032419 81765.372950818259 
0.34447610260363815 -0.91767354889388286 0.032352753234681751 -0.059349858564158045 0.85665588888888888 0.0071000000000004141 inf 
0.59324098935536496 -1.9833551648530601 0.032353124459570712 -0.10200595747399006 0.73320566666666664 0.020400000000045569 8866460.3562011831 
0.4042127327670213 -0.85674717587657356 0.028122781697780808 -0.078069362893098376 0.83054577777777783 0.014049999999997526 2197.0321257811584 
0.083999119564741945 0.1255848498603295 0.024261274963562254 0.0019458545316288285 1 0.0075000000000075779 78316.614029666351 
0.54691413224023755 -1.5374891054992348 0.028119795129779444 -0.10103516097950424 0.75963111111111115 0.021600000000023465 2973.5695373718622 
0.52823029912583286 -1.4405088276859461 0.02735072271555106 -0.10150027993971289 0.76454711111111107 0.01929999999998145 inf 
0.64506100752139384 -2.299208652013669 0.033117530455984985 -0.10242122298285966 0.71814722222222227 0.025349999999940382 8441.8734107433447 
0.61499822503507684 -2.442919315763564 0.0350342525537553 -0.10206049523787485 0.70334255555555558 0.014049999999997526 12881.848734274878 
0.49584315332818829 -1.1625097824565671 0.027350661878217712 -0.094886731306679087 0.79029411111111114 0.021899999999971571 2973.5695373718622 
0.41688451388507697 -0.87818986289655343 0.030047821142233155 -0.078289439235706484 0.82830033333333331 0.016350000000024279 6127.3463642160268 
0.085422328624024046 0.11075452122578643 0.028124036541337029 0.0009363254551815331 1 0.0061499999999978777 inf 
0.58034843492765698 -1.8431577994304424 0.030046998767122503 -0.1020175500180219 0.7408608888888889 0.020800000000007625 4695.11661779524 
0.1099462073290704 0.073900212267924328 0.031199679781312818 -0.00025963387010076997 0.99493044444444445 0.0082499999999847817 39533.432373379954 
0.66663861032126981 -2.4526206665210313 0.03426878277245176 -0.10250758166021448 0.70912166666666665 0.026749999999993297 30035.687339315347 
0.66262669837718124 -2.3675521643853958 0.033118735634651016 -0.10296482001257092 0.71476222222222219 0.027549999999977363 283425.81568787765 
0.087405512216113077 0.096340115678684446 0.030048520046232808 0.00015218408213713266 0.99997599999999998 0.0051000000000113923 inf 
0.6393677897657053 -2.1667212742605559 0.031201163418646233 -0.10258163422718777 0.72408144444444444 0.026850000000011469 2340.0343788641349 
0.55257584022786232 -1.758138765661887 0.031201786169757554 -0.10112769182915135 0.74613522222222217 0.016049999999969995 inf 
0.42628670593770795 -0.75526329891429222 0.030047756730677666 -0.072503137679815588 0.834484 0.022699999999987064 2551.2575840419377 
0.5306975638228032 -1.6532073144347854 0.032350513335125536 -0.095864061248285601 0.76113766666666671 0.016049999999969995 29774.683192918772 
0.64305897601723938 -2.1563659973490186 0.031201163418646233 -0.10267770061901882 0.72486655555555557 0.027700000000050948 9903.5320303727567 
0.62914638666192568 -2.4046453588210333 0.034269031338673782 -0.10230351936461743 0.7104678888888889 0.018700000000024777 2810.4153782443136 
0.56213036984645126 -2.0353639894309254 0.032353345920015181 -0.10214810183698446 0.73022855555555555 0.0096999999999841952 57224.648080175328 
0.10802689807759731 0.1507300740045244 0.02927879709597913 0.0048285513657085558 1 0.012050000000019509 232999.8985672 
0.50905864010879154 -1.673205647637543 0.032352778942237315 -0.093846110407625485 0.7612956666666667 0.010499999999985335 inf 
0.55248031721174951 -1.6559350058652447 0.028122181766224937 -0.10235877829328022 0.75196466666666661 0.018350000000037364 3975.4870241074045 
0.10710551186788309 0.20047543654837119 0.024260193948451424 0.0038618444262918401 1 0.012950000000022499 2243.4917528708602 
0.13034673846243502 0.19800063433420498 0.027352352595552024 0.0074354439783893556 0.99352577777777773 0.017399999999970002 4648.2170433593283 
0.62178028943210506 -1.9651903447367847 0.02734975267021714 -0.10265037179920811 0.73415466666666662 0.027499999999995542 4934.1409784546286 
0.16747370385552124 -0.0068705188945467448 0.031201786169757554 -0.0065985557697494273 0.9749915555555555 0.013799999999969862 3768.9797858187781 
0.4549156927099241 -0.90428763340857565 0.023872813695996288 -0.093981980717573521 0.8058036666666667 0.019800000000019573 inf 
0.097659523639733778 0.11714841819579866 0.030048795293343714 0.0029329890442504666 0.99997666666666662 0.0089000000000102678 inf 
0.50494922412016463 -1.325096711730178 0.025035745474661922 -0.10148982719901517 0.77310844444444449 0.016450000000014172 5158.7330341339075 
0.58568516107301238 -2.3058886636541192 0.034268551528007479 -0.10220794103603736 0.7115528888888889 0.0090000000000078125 5621.789955079309 
0.54350323168837567 -1.9220976989101586 0.033119993121761372 -0.09838931792503243 0.73993211111111112 0.010350000000010778 inf 
0.57676478982132706 -2.0923257053307567 0.033119265681761802 -0.10184218225379235 0.72713955555555554 0.01279999999998914 8775.2219238605321 
0.64716415887708634 -2.4210317036452449 0.03426878277245176 -0.10219437272058517 0.71041411111111108 0.023149999999987767 13186.481221761826 
0.53609486848923815 -1.951299008786491 0.033120145872872396 -0.098784714370438814 0.73761333333333334 0.0068499999999887626 inf 
0.14361302242327897 0.23440275115398651 0.028122015238224836 0.0073736521610754087 0.99333033333333332 0.019700000000007871 5778.8050608634348 
0.095300382420354227 0.17430227176146784 0.022325388072886754 0.0029157965043067275 1 0.01025000000001621 85189.467854716582 
0.10910907890695735 0.19748573537639455 0.026195267478222709 0.0030017227504707212 0.99995366666666663 0.012249999999994932 36906.332070864184 
0.65855246863498118 -2.6027461062701325 0.036179869703112856 -0.10235121224276611 0.6944514444444444 0.021600000000023465 6263.8050216970214 
0.59081718672654515 -1.8634565673357271 0.029278327097756917 -0.10215539702881263 0.74018088888888889 0.023050000000008265 5875.4092149698454 
0.20694939761215383 -0.0077743767237289209 0.019995043479109225 -0.020474101737173924 0.95066300000000004 0.014400000000017952 2360.7988157291388 
0.17921730201833119 -0.18607814919269544 0.031201740838202048 -0.01808432152421548 0.95610377777777777 0.0076500000000098503 32571.956512963323 
0.062548752591672058 0.04899528325836832 0.012581729997335171 -0.00024398055451968408 1 0.0019499999999962304 inf 
0.48105580907707268 -1.340822053117092 0.031201745381313154 -0.091931259756585476 0.78428188888888883 0.013749999999997771 inf 
0.60147907374552101 -2.3822700930725027 0.034269206744895864 -0.1022918138340785 0.71108788888888885 0.011399999999986438 74176.942259730684 
0.083484049993946235 0.083201239588395232 0.0051083641839974794 0.0048287896523509597 1 0.0089000000000102678 232999.8985672 
0.66707399530858114 -2.7736884520517835 0.038086751203574833 -0.102177515241491 0.68607566666666664 0.019500000000041245 6799.9269423903415 
0.65628481106506487 -2.7003752887091168 0.037326583535141691 -0.10209118791337306 0.68946122222222217 0.018849999999981958 1893.0119878322714 
0.57906656988846772 -1.9898933454887431 0.033117884530651405 -0.099540374428640305 0.73404188888888888 0.017749999999982446 4648.2170433593283 
0.084445585902951134 0.12785092749358859 0.026195257016889378 0.00093988161678289586 1 0.0065499999999962116 inf 
0.65904237420312561 -2.7702959664397522 0.038088405107575073 -0.102143743860245 0.68614944444444448 0.017399999999970002 5437.0727394069436 
0.61529199826030534 -2.5928891962607823 0.036180786704891284 -0.10241165605053808 0.69518400000000002 0.009649999999990725 8481.7123778182086 
0.63380497035869754 -2.5919527236212305 0.036181254877336089 -0.10223975104358821 0.69525022222222221 0.015200000000028897 6511.288787313084 
0.64973640341403682 -2.7728536147998457 0.038088405107575073 -0.10248933440864108 0.68611411111111109 0.014200000000000827 5437.0727394069436 
0.68355866663206677 -2.7779268065182547 0.038088306429352868 -0.102567218349331 0.68575222222222221 0.023249999999977764 26352.875516109998 
0.67287087452009764 -2.7097179127300253 0.037326041572475079 -0.10234300538863808 0.68953577777777775 0.022850000000018605 88389.327328878804 
0.66692859246606762 -2.7690041845757425 0.038088634580463937 -0.10220958652256693 0.68614711111111115 0.019549999999984392 60348.017126366532 
0.64738041820767334 -2.6993764403195817 0.037326583535141691 -0.10196470938491617 0.68964888888888887 0.016499999999969563 14012.8990892602 
0.096456479474717041 0.17975903275353847 0.025036137593772902 0.00094702829062859588 1 0.0090500000000018951 4664.7410132443711 
0.53356071433747265 -1.6331000636884299 0.031201370421312984 -0.097545946740963882 0.75861655555555552 0.016699999999974506 3265.5473802903712 
0.69756625656439175 -2.7957295019257487 0.038086717183130357 -0.10360059041721736 0.68387422222222227 0.025450000000043833 26113.86551115755 
0.68465785832121007 -2.7122721666616254 0.03732566138047505 -0.10255086179324718 0.68918933333333332 0.025200000000030358 25289.504849867721 
0.13064985953548103 0.1138350132228433 0.031201278842646323 0.0036418879107227901 0.99512622222222225 0.013950000000017103 inf 
0.62595343021470684 -2.4664138337035841 0.03503298232531056 -0.10189903403261566 0.70249855555555552 0.016800000000027088 3477.5644025799415 
0.68286021116261653 -2.776687198466568 0.038086608789352508 -0.10256193289610289 0.68552577777777779 0.023200000000035716 4254.1174052399501 
0.67587975706619463 -2.771908972056385 0.038088306429352868 -0.10238502481790498 0.68611044444444447 0.021799999999987513 26352.875516109998 
0.61484739449618264 -2.5918932317007215 0.036181234160891612 -0.10251257145860394 0.69521988888888886 0.0093500000000123883 inf 
0.64055577114220685 -2.7627466949562938 0.038089223408908399 -0.10183913704497587 0.68648711111111116 0.012600000000015179 6790.6719238757687 
0.62452343492352047 -2.5910628325629186 0.036180458841779894 -0.10193727705893976 0.69512011111111116 0.01279999999998914 72046.615950840729 
0.6854733464320083 -2.7149520358045121 0.037325698377808421 -0.10276104069491185 0.68939188888888892 0.025349999999940382 18235.729492125294 
0.6930852711636537 -2.7288266513486099 0.037326045266697291 -0.10300540689138517 0.68849588888888891 0.026400000000007626 4156.8460160664263 
0.61064916947147652 -2.3827112720974313 0.034269052953784879 -0.10206762339831492 0.71069888888888888 0.014249999999969674 3843.311843450484 
0.5739730656571117 -2.2934182389673863 0.034269349450673552 -0.10254486761995092 0.71197533333333329 0.0054499999999968783 inf 
0.64357535467521421 -2.6081621613081643 0.036181254877336089 -0.10194664615488741 0.69524300000000006 0.017849999999970272 22044.752557580552 
0.095791206133901186 0.14135644700573402 0.028123532377781164 0.0029231403606597389 1 0.0094500000000088367 inf 
0.59379193104782813 -2.1714034992326177 0.033120226730650182 -0.1019446479896095 0.72298777777777778 0.015399999999999638 7688.3477805851435 
0.69222102103770144 -2.7895754854961412 0.038086608789352508 -0.10320362575863026 0.68430755555555556 0.024750000000029443 4254.1174052399501 
0.67969453806012958 -2.7174406113424148 0.037323616222252644 -0.10240364819144096 0.68869711111111109 0.02399999999994111 6435.7928249066854 
0.63902866733092989 -2.7035105574447891 0.037326021535141765 -0.10208341235336081 0.68960755555555553 0.013749999999997771 2391.4154085591249 
0.65867138132194958 -2.7715705559106047 0.038088340002686204 -0.10230512174014679 0.68619744444444442 0.016900000000016561 21195.003428697641 
0.64966188223607801 -2.7652863805828081 0.038088340002686204 -0.10206885225458644 0.68643555555555558 0.014899999999983309 16448.792963197153 
0.44770521750843761 -0.78125213623801915 0.024649235338669338 -0.084844701409823337 0.82024822222222227 0.02359999999998845 6200.7815996407935 
0.6663475742851187 -2.6069497415155256 0.036179824164446171 -0.10241611446762011 0.69495099999999999 0.02350000000000468 10844.191483590701 
0.65647198255455697 -2.704030626666154 0.037326513788475013 -0.10190002112518867 0.68960444444444446 0.018700000000024777 102059.51741528638 
0.69702579553680155 -2.7872723761653293 0.038089270153797303 -0.10358574632195253 0.68485866666666662 0.025699999999982178 inf 
0.6900611903581666 -2.7849646756277511 0.038089270153797303 -0.10335262153514752 0.68499033333333337 0.024349999999977757 3230.5992831588806 
0.66461892946325563 -2.7060667220951307 0.037326513788475013 -0.10206607969130811 0.68960477777777773 0.020700000000021555 102059.51741528638 
0.67416861529679506 -2.7758874982929491 0.038088752774241702 -0.10239096045939698 0.68544755555555559 0.02095000000003424 inf 
0.61784636085075539 -2.4844976804546115 0.035034163625755281 -0.10242601509548317 0.70333044444444448 0.013249999999989208 53411.997232092559 
0.64955469349733885 -2.7680735800871856 0.038088819288019535 -0.1018607191924185 0.68638477777777773 0.015100000000006428 2708.4552076443224 
0.6015706856833829 -2.3940239989957806 0.034269206744895864 -0.1027982072519 0.71109199999999995 0.010449999999993109 72974.011996970745 
0.67642983962140113 -2.782288613711875 0.038089270153797303 -0.10306506084688505 0.68504533333333328 0.020999999999970671 4263.313433187197 
0.63173000199048157 -2.7657053144764623 0.038089223408908399 -0.10224747619526423 0.68649644444444446 0.0094500000000088367 110290.1958274815 
0.64800558592206214 -2.6987830786944618 0.037326513788475013 -0.10191452876951179 0.68965711111111117 0.016699999999974506 102059.51741528638 
0.10611595529124566 0.19306099817456293 0.022712942563544829 0.0048314346387280356 1 0.013149999999996291 10390.974827084878 
0.14323335731879472 0.26211621651974959 0.02038416841244866 0.0073388652876158643 0.99334544444444439 0.020649999999980233 2973.5695373718622 
0.2327603910795828 -0.11304993583143785 0.026193568611556133 -0.022690274523559217 0.94022155555555553 0.017749999999982446 5688.0195905441569 
0.62163951382530802 -2.0388450961868312 0.028120739917335384 -0.10263089149131774 0.72944422222222227 0.026000000000000984 5171.694114940613 
0.086531138324968435 0.10524396092823869 0.029276470868423936 0.00012427373093522461 1 0.005299999999991349 inf 
0.49201828963418348 -1.3861650791062361 0.028122241922669398 -0.09458506877524768 0.77650577777777774 0.01414999999997806 8556.2237909249616 
0.16326961724125405 0.0004361828846955575 0.028121632463113541 -0.011395002314029467 0.97143044444444449 0.011150000000016097 22191.792629004289 
0.14885618686834859 0.020898549931423423 0.030045927013345162 -0.006335887077057142 0.97954811111111106 0.011300000000005219 829.16807665598719 
0.61567081598014173 -2.5950937286212192 0.036176850540443874 -0.10187295992470194 0.69469444444444439 0.01025000000001621 inf 
0.084327249085165853 0.14517572279106913 0.021159835345773963 0.0010430266774674442 1 0.0072000000000089761 inf 
0.69561793735730304 -2.729217211239138 0.037326045266697291 -0.10319808556072375 0.68558288888888885 0.027000000000032418 4156.8460160664263 
0.62846627494610507 -2.0415244296272008 0.028120739917335384 -0.10304018938907999 0.72942544444444446 0.027300000000015128 5171.694114940613 
0.58790953630129628 -1.9090733525287202 0.029278502861312488 -0.10202494193735701 0.73631122222222223 0.021150000000022501 4794.2014008911092 
0.65626936803523783 -2.7078771068731977 0.037323556210697079 -0.10201964154246056 0.6893475555555556 0.018600000000037142 5374.0237365951225 
0.51738510820466044 -1.4304288438521742 0.028122181766224937 -0.10150815298191056 0.76618666666666668 0.016249999999978317 3208.8456202422135 
0.097466890872766318 0.18727393158135786 0.019603218686209969 0.0011156702501253356 1 0.0096999999999841952 67020.737825393997 
0.22404980656326298 -0.099309964042007412 0.026194876160000474 -0.025689297807327996 0.94073433333333334 0.014249999999969674 6635.9834756062919 
0.59113771177472019 -1.7885106704627163 0.028120739917335384 -0.10258469920548849 0.74363366666666664 0.025000000000042252 3393.5614182417544 
0.57189108483179674 -1.8451393936004545 0.030046998767122503 -0.1022428948392142 0.7408608888888889 0.018000000000015625 4695.11661779524 
0.62477350970049705 -2.2415934672012132 0.033116443599096455 -0.10218470073962241 0.72065166666666669 0.021899999999971571 418420.29413882422 
0.64098455424552736 -2.7681132105502604 0.038088215345797295 -0.10210999028390998 0.68629511111111108 0.012199999999999017 20164.681041942466 
0.084307108868936428 0.11165854658529858 0.026193463503111667 0.0019746010676131389 1 0.0072000000000089761 inf 
0.4121922707769784 -0.88078438552925553 0.029276528025757226 -0.081674749979293207 0.82520733333333329 0.013249999999989208 11700.848386533253 
0.073779293822736611 0.083678879786633908 0.025033997045329302 -0.00031918872758852256 1 0.0033999999999992049 100 
0.10361401280188469 0.1231721727440175 0.030046200302233962 0.00016346786062641224 0.99804888888888887 0.0080500000000157512 6264.4182360312088 
0.37420274978464374 -0.62486349655033768 0.022324087062220322 -0.073579976643272441 0.84469633333333338 0.014049999999997526 5158.7330341339075 
0.63881013641872375 -2.70864579449609 0.037323285160030396 -0.10205319432011792 0.68933233333333332 0.013500000000016209 2779.1447883779465 
0.39236103575060433 -0.8136268937906318 0.029276528025757226 -0.074935450593474617 0.83695211111111112 0.013599999999996819 22614.259691727046 
0.52928454597226982 -1.4576937423609615 0.02619525377155605 -0.10250900164949121 0.76456211111111116 0.018150000000034722 3771.6753166320709 
0.62745105614364671 -2.5041792520956565 0.035031725217754939 -0.10237198224624494 0.70270511111111111 0.015399999999999638 8668.1533753064705 
0.096345430395267634 0.16688407622920889 0.02619190802400052 0.0018979678977647306 1 0.0092499999999850861 1108.157365546869 
0.57544730284765588 -1.881472562645331 0.029279470243534556 -0.10261304657671905 0.73934599999999995 0.017599999999972169 inf 
0.58432229581155226 -1.8780748885931773 0.029279470243534556 -0.10226898504882277 0.73934599999999995 0.020749999999966403 inf 
0.63017626558207862 -2.7097576720376448 0.037321769801808076 -0.10201609002193658 0.68918888888888885 0.011049999999982249 2319.2130812030682 
0.6388843240944303 -2.2240860903782305 0.031199205959090478 -0.10245436300926057 0.72001411111111113 0.025699999999982178 140576.94553960551 
0.66559798544808924 -2.7105714668988083 0.037323458172474858 -0.10216105716952498 0.68914688888888886 0.021099999999979815 404747.98905536084 
0.64121628750091964 -2.7724836373307249 0.038088257619575086 -0.10255140522099135 0.68620377777777775 0.01165000000000789 8881.7855939488345 
0.64682628087225114 -2.1760299980003377 0.030048745462232636 -0.10288846285968399 0.72289366666666666 0.028150000000052289 5384.655302686876 
0.10888172393906785 0.20517610430891017 0.024260193948451424 0.0029064165122822463 0.99998022222222227 0.012249999999994932 1274.8097021587923 
0.6151353376467199 -2.2175254981405819 0.033116257153763193 -0.10198661448244561 0.72020522222222227 0.020199999999980581 5778.8050608634348 
0.59752421279202694 -2.2231018571057581 0.033116117806207705 -0.10229174511142856 0.72144644444444439 0.014349999999994329 8378.5040853816463 
0.62065284667682663 -2.7082086707089936 0.037324163024030438 -0.10243849080238336 0.68945866666666666 0.0077499999999898362 inf 
0.69862485670221097 -2.7310704604294185 0.037326045266697291 -0.10335354639131117 0.68550699999999998 0.027450000000033326 4156.8460160664263 
0.25688983795611831 -0.14624758663531748 0.026194876160000474 -0.031061988856190784 0.92587866666666663 0.01729999999998184 14668.069449685889 
0.56702372363493792 -1.7268316216115021 0.031201684043535356 -0.10144844692968616 0.74932722222222226 0.02085000000004765 26905.186898442167 
0.59658930764156581 -2.449133709696703 0.035033005287977217 -0.10197277109282223 0.70293966666666663 0.0085500000000114616 11210.5136929493 
0.63008264426706762 -2.7067282175731298 0.037325307959141713 -0.10245673177617501 0.68955955555555559 0.010599999999982698 5444.5037697708758 
0.61689369620154322 -2.1395890194127984 0.031200666617757375 -0.10232243027014473 0.72504933333333332 0.022449999999979136 55910.993940043001 
0.65351457309066219 -2.4115043814261745 0.034267034433786515 -0.10237571070752405 0.70975500000000002 0.024799999999981431 6287.3252198693954 
0.63685318218592157 -2.3864178070828954 0.034267743223119269 -0.10221913806863116 0.71021255555555551 0.021600000000023465 2354.1040535294405 
0.65180182501898143 -2.6040944386580747 0.036180277658668665 -0.10214774062918125 0.69511122222222221 0.020150000000009684 4441.5626331577914 
0.60587022937360091 -2.4454645450790005 0.035033485599088462 -0.1019621077779813 0.70323044444444449 0.011349999999993532 20164.681041942466 
0.27841865829227536 -0.20621027730671507 0.031200087843535063 -0.025536763203730065 0.91116533333333338 0.019999999999985033 19757.961764827021 
0.66731016088566286 -2.6150142932469307 0.036180521253335512 -0.10241123471082703 0.69507399999999997 0.023699999999982502 14344.945664958494 
0.62721607345705643 -2.3725070475264354 0.03426784182045256 -0.10194368054631629 0.70913899999999996 0.019549999999984392 18401.696675554704 
0.14349982063168373 0.23763978807651079 0.027737472499541112 0.007393361242235167 0.99334844444444448 0.019749999999980974 5778.8050608634348 
0.64128162002988598 -2.3632190092058001 0.033118735634651016 -0.10276021714529099 0.71493255555555557 0.022500000000024924 68709.441112436543 
0.65292579500756132 -2.3201095814857675 0.032353063613348464 -0.10266416990589161 0.7165286666666667 0.026449999999998877 304047.71845894633 
0.63730508775356243 -2.51382093680489 0.035034002681755244 -0.10206309632315559 0.70261566666666664 0.018199999999982511 33809.445584168883 
0.5974785945030473 -2.3316425771792786 0.034267604137786054 -0.10192289634958737 0.71054399999999995 0.012199999999999017 3899.4247172700093 
0.58043549423714402 -1.9462586698517637 0.032353125041792941 -0.1015256673858725 0.73650266666666664 0.018250000000022672 275080.34249114478 
0.55029451329365409 -1.8128225116933301 0.031201745381313154 -0.10202534718818049 0.74321622222222217 0.013000000000000492 inf 
0.6304363770919813 -2.3292241473451463 0.034267015375119857 -0.10230060390374605 0.710032 0.02095000000003424 26650.319093216553 
0.61712430050089773 -2.4734232901271658 0.035032869717310559 -0.10207859157444632 0.70292200000000005 0.013799999999969862 8556.2237909249616 
0.52964286219308854 -1.7456736316096817 0.03235181144001479 -0.095352835556508198 0.75345111111111107 0.013449999999998474 2452.5182070435244 
0.11843374299010084 0.17778438552197309 0.026195267478222709 0.00028849675483699929 0.99642133333333338 0.011550000000026881 36906.332070864184 
0.65379359051716435 -2.5075436689749817 0.035033256660421654 -0.10219342708465538 0.70285877777777783 0.022950000000025866 5981.8505184650567 
0.56933617032338724 -1.9091083970723655 0.030047821142233155 -0.1025835052924107 0.7372077777777778 0.015049999999979111 2984248.8734499249 
0.56698168166055174 -1.6403757859785795 0.027352066252440754 -0.10262402304491146 0.75208811111111107 0.022750000000033969 3412.9589612135355 
0.62477429841458598 -2.45750884575506 0.035034307731533078 -0.10201489036093404 0.70316255555555551 0.016599999999987954 7941.4223598331346 
0.62529500516844427 -2.6015184823861515 0.036178686279112048 -0.1019267970449214 0.6943705555555556 0.012950000000022499 2532.1937849504925 
0.58246700043355581 -1.9511575946281781 0.031200145783090619 -0.10210845719511681 0.73430466666666672 0.018250000000022672 463551.44446642022 
0.10612604077383977 0.17946862337363592 0.026193372773333889 0.004823166228600872 1 0.012749999999999805 5111.093838099996 
0.61907092580320933 -2.3770827710417035 0.034269055872007091 -0.10179661444465651 0.71105211111111111 0.017250000000029644 10485.599994090406 
0.62754112961480268 -2.4875176926895137 0.0350332205910883 -0.10231634535002569 0.70302900000000002 0.016300000000001078 inf 
0.64451368797801611 -2.395039955237054 0.034267034433786515 -0.10235156382999214 0.7097484444444444 0.022999999999966176 6294.94161212175 
0.58614533884129305 -2.1977510617321552 0.033119382762650591 -0.10233876547185099 0.72186655555555557 0.011799999999994225 31960.57481909699 
0.67512576500750443 -2.6210812150677989 0.036179824164446171 -0.10247561082051941 0.69461522222222227 0.025149999999978231 524359.1482523093 
0.63347393471873803 -2.592404424515284 0.036179097768001281 -0.10190620561462094 0.6949805555555556 0.015599999999969843 25400.882982198254 
0.57185576829118501 -1.9754980748812681 0.033117917811540255 -0.10034587583772411 0.73532166666666665 0.015750000000020407 29774.683192918772 
0.58061212789249994 -2.2427472559304462 0.033119767725317072 -0.10271414449944256 0.71937333333333331 0.0086499999999909202 inf 
0.62736920123292628 -2.3769062161162275 0.034269060224895974 -0.1020300066040678 0.7110185555555556 0.01939999999996839 9947.9717341640426 
0.093454556956293747 0.064363756666008978 0.031200699718201854 -0.0011107421364042437 0.99802255555555552 0.0044500000000051339 inf 
0.087587387161335184 0.11670902023055978 0.028123290719114392 -0.00018244610633920996 0.99996788888888888 0.0054499999999968783 54348.22928555921 
0.1066926971582183 0.16986161847247783 0.027351638923551552 0.0048347604910309446 1 0.012600000000015179 909441.7921307931 
0.45501771153579451 -1.2887121859854258 0.031201740838202048 -0.087053852732364004 0.79483499999999996 0.010650000000024782 71322.193153366388 
0.60665760709321159 -2.3312776496036367 0.034268282712007728 -0.10178516514685479 0.70996733333333328 0.015049999999979111 4554.3439706004538 
0.60370021014936071 -2.3001637535587216 0.034268391459563195 -0.10195303561397349 0.71164400000000005 0.01475000000002822 5766.2631648933057 
0.596195361818184 -2.4439340183936489 0.035033485599088462 -0.1024756014690722 0.70323033333333329 0.0080000000000058392 6035.2582855836745 
0.64456345638580181 -2.4997617172880187 0.035032139087977143 -0.10215985561763563 0.70275777777777781 0.020800000000007625 3738.2515471577599 
0.34123150012772002 -0.64690412322823043 0.030048913438232572 -0.057468729084553138 0.86976500000000001 0.013950000000017103 inf 
0.5821062050437088 -2.0435849909380659 0.032351605942236954 -0.10206706406616541 0.73083366666666671 0.015300000000019701 22401.235422560596 
0.64463348069230419 -2.4999123904218106 0.03503383855553293 -0.10228270599376922 0.70308877777777778 0.020649999999980233 15477.985864643664 
0.5977750933024103 -2.3346590340324918 0.034267848104008118 -0.10183720946411193 0.71061588888888894 0.012100000000005053 425160.37559834687 
0.6387915884116897 -2.7092002036445604 0.037325278990252855 -0.10246671785380056 0.68952788888888894 0.013050000000016064 1716.9686030125065 
0.62548627431616999 -2.1580284012488637 0.031201104741312945 -0.10222056488620372 0.72432488888888891 0.024100000000039017 2370.7217127382737 
0.61579060712927203 -2.2329447159057061 0.033119133039984101 -0.10191828366295082 0.72030822222222224 0.020050000000030578 8648.1863891692883 
0.65148816081408512 -2.2997566071388222 0.033119340926206164 -0.10250103948337848 0.71881533333333336 0.026599999999989025 30488.524772468561 
0.58205013690098817 -1.9489676368105284 0.031200768320868464 -0.10239769367420871 0.73517033333333337 0.017749999999982446 2144.6886941785701 
0.66023447073609609 -2.6122046147473785 0.036180521253335512 -0.10215973816530192 0.6951492222222222 0.022099999999964471 17002.661026414095 
0.68058266995422312 -2.7110080431639529 0.037325698377808421 -0.10261992309308104 0.68947966666666671 0.024550000000040661 18235.729492125294 
0.66085673042270465 -2.510825606353166 0.035033256660421654 -0.10254244914740596 0.70285844444444445 0.024499999999989863 4503.8181554237053 
0.062320359946200124 0.025056435235735273 0.004319160496001586 0.0009615732436961265 1 0.0026499999999956745 inf 
0.20239067932503502 0.089114201315867059 0.022323662427553737 -0.0092079324807543186 0.94231411111111107 0.01960000000002866 28336.479511251422 
0.59944402683999309 -1.8804603112801463 0.030047756730677666 -0.1023989470183508 0.73798811111111107 0.024449999999940842 8462.5178525344127 
0.18188914254433652 0.068172960013720821 0.0160982413137769 -0.0060942916431494156 0.9472976666666667 0.017599999999972169 19230.203097087619 
0.6054825526801485 -2.591702876331587 0.036181234160891612 -0.10255984496565552 0.69521988888888886 0.006500000000000246 980881.31412814383 
0.64755333624772904 -2.7081254298741588 0.037326484102252817 -0.10217761389088496 0.68958555555555556 0.015750000000020407 3828.9120341757935 
0.55044746504716091 -1.9078993888458844 0.033120216407094623 -0.097983050676345537 0.74082044444444439 0.013000000000000492 2532.1937849504925 
0.60526821030548295 -2.4400284783992894 0.035033334383088394 -0.10191790765263777 0.70319144444444448 0.0114499999999895 130741.88663288602 
0.66187322939039739 -2.4491159773981779 0.03426878277245176 -0.10249906107926633 0.70917455555555553 0.025900000000044998 8340.5794964602555 
0.64961375610264527 -2.7756696077682363 0.038088257619575086 -0.10307226669821729 0.68613055555555558 0.013699999999977525 8881.7855939488345 
0.61435296286198959 -2.4383400337000212 0.035033993226644147 -0.10184796976145362 0.70317144444444446 0.01430000000002685 inf 
0.61939546774480569 -2.3774733179081169 0.034269052953784879 -0.10202787983181845 0.71056666666666668 0.017049999999987027 147194.09040691247 
0.098302942846108188 0.14170424911858634 0.029276162574201715 0.0020498950100191083 0.99992455555555559 0.0087999999999860846 4869.7178938560492 
0.63454907631577795 -2.6063628281266906 0.036181254877336089 -0.10234211102065292 0.69524300000000006 0.014949999999998926 17289.753728074189 
0.65890384031868798 -2.7671264776740103 0.038088400308463964 -0.10190772243960174 0.68634855555555552 0.017749999999982446 6196.4446028936754 
0.70351014910614151 -2.7998499837637327 0.038086717183130357 -0.10392205630670753 0.68359644444444445 0.026449999999998877 25650.264318465968 
0.60972315643381958 -2.5069435646249438 0.035034208047977522 -0.1024964718679274 0.70240388888888894 0.010049999999985898 inf 
0.62167346950737001 -2.7674580093039065 0.038089292227575088 -0.10254358438922144 0.68652333333333337 0.0059999999999852775 100 
0.66761495532013915 -2.7695723368294196 0.038088634580463937 -0.102311937513654 0.68614188888888894 0.019700000000007871 8991.1079161187226 
0.66683818890049851 -2.5231941621177176 0.035033135501310535 -0.10265705827210365 0.70196022222222221 0.025599999999978279 2732.4662725046937 
0.65072678050904598 -2.5916724551018993 0.036181254877336089 -0.10206669716716618 0.69524977777777774 0.020250000000020571 11768.886124520463 
0.64913248974663973 -2.1781635194308446 0.030048745462232636 -0.10276020655902422 0.72223533333333334 0.028499999999939348 4194.5436404933489 
0.094144201028052293 0.14392032317806758 0.021161424079108922 0.0048287859121510669 1 0.010949999999985785 232999.8985672 
0.10535154067345406 0.15858718193427235 0.025034448654217896 0.0057926318930942178 0.99999988888888891 0.01289999999997006 inf 
0.54753421338114416 -1.4071817568698408 0.026194538404444894 -0.10205050093209116 0.76754633333333333 0.025149999999978231 2792.5295224412184 
0.14692496566265056 0.24083010844559677 0.025035977959106281 0.0069657174090982793 0.99254200000000004 0.019999999999985033 108250.07336915149 
0.61875378997926611 -2.1626935664611464 0.032353102579570713 -0.10216664503643959 0.72458877777777775 0.022400000000017992 10561.560466739425 
0.15810201549341213 0.16699760808141401 0.030048830063121493 0.0041410625000485798 0.98671900000000001 0.019199999999971094 33736.16750396831 
0.12959467701356203 0.22052366344728153 0.023099990487988539 0.0074695454061016698 0.99334311111111107 0.01810000000000379 24129.8192053292 
0.10503622822566144 0.17240069794565235 0.02309947167643308 0.0057837879243989553 0.99966699999999997 0.013549999999989862 4554.3439706004538 
0.12964796301619191 0.24891001869166005 0.018050187857759255 0.0066318946263675708 0.99685533333333332 0.018499999999970172 1666.0040093851567 
0.096876859953808944 0.16663855985391832 0.027351213983995822 0.0009475512837459751 1 0.0087499999999930793 inf 
0.083838374321611717 0.1371629020655587 0.022325782372442184 0.001941007860719281 1 0.0075500000000032139 7056.4599511648876 
0.51917497496329912 -1.5602809242038571 0.032352810447126172 -0.09046559953427312 0.77182088888888889 0.018250000000022672 24364.546995639797 
0.11892011117049514 0.23533719427107838 0.019606931446210882 0.004841578473891885 1 0.015550000000009122 3445.5605238143758 
0.547390338415089 -1.6597248060059109 0.031201370421312984 -0.099057020051423292 0.75575722222222219 0.018800000000038473 3265.5473802903712 
0.096454790116364209 0.18119991524925852 0.022325782372442184 0.0020460352100465725 1 0.0098500000000039355 4868.029476597625 
0.12964799751519276 0.23496385618676358 0.025421726490653624 0.0066894046652106022 0.9966666666666667 0.018000000000015625 112527.37120227616 
0.22033548747618098 0.097407187657649497 0.026580980808882652 -0.011231948637895081 0.93972844444444448 0.021250000000008335 14136.277222534325 
0.59230586690392895 -1.7368399759863824 0.026193153726222742 -0.10250449064738118 0.7467516666666667 0.026499999999978416 3683.8808825027381 
0.64899626473782601 -2.4630497210259179 0.035034344753755331 -0.10233742876360595 0.70272833333333329 0.022650000000055317 5099.8921165009197 
0.118294454187041 0.17221742188779635 0.019606653304877427 0.0074323911275659552 0.9935154444444444 0.015900000000021359 4648.2170433593283 
0.55848582140766179 -1.5586972893222311 0.022710471161767221 -0.102012319251658 0.75751111111111114 0.023750000000013087 1016.3069149705515 
0.10649084140811986 0.21280377506492851 0.020383423396448705 0.0039190380221920005 1 0.013299999999994512 8692.6381817959045 
0.55287130417387542 -1.9745276928077229 0.033119993121761372 -0.10057393344028644 0.73542444444444444 0.0099000000000097864 inf 
0.11154172620774765 0.11801793346009623 0.028122046888891489 -0.0022408727168952034 0.99430099999999999 0.0081500000000005388 inf 
0.10868408839103649 0.18678720780678734 0.028123673797336823 0.0030129718699795798 0.99996988888888894 0.011700000000013389 20504.92218024101 
0.094479047976189209 0.13779221849575587 0.026194855719111582 0.0038701277259205469 1 0.0099500000000033277 inf 
0.10648058156779064 0.16145320365360619 0.028124100409781503 0.0048648952520662057 1 0.01234999999998916 2532.1937849504925 
0.11666124551141248 0.21218921308679964 0.01765978152532793 0.0066916992765687138 0.99666644444444441 0.016499999999969563 3939.7077446802041 
0.13494325726403736 0.14096938631377579 0.02309874042576638 -0.0046612761172177327 0.98798411111111106 0.011250000000012462 inf 
0.12959765848426219 0.22423148084854513 0.027352719287996687 0.0066887433828811899 0.99666544444444449 0.017749999999982446 6196.4446028936754 
0.28580089687931204 -0.24294763836097416 0.028123634465781252 -0.03536664955461883 0.91346266666666665 0.019700000000007871 2301.2686605448889 
0.094698712339113367 0.1484754895919132 0.025034376042662405 0.0038603229692622931 1 0.010350000000010778 131815.3049626766 
0.62909300197495621 -2.1177898431075102 0.032352098385792616 -0.10245479489638175 0.72699822222222221 0.025599999999978279 30035.687339315347 
0.11656740285713549 0.2012979121408435 0.022712953868433722 0.0066913631519220102 0.99666644444444441 0.016149999999989118 22851.895468055856 
0.59814594725961201 -2.019600344206105 0.03004835224001064 -0.10219880870612198 0.7314492222222222 0.020600000000011463 inf 
0.57275505048209074 -1.6842684678871609 0.028121999303113706 -0.10207049588125089 0.749857 0.02350000000000468 2962.2370460326806 
0.61404435559274861 -2.2156110051289652 0.033119994406205819 -0.10226656055287207 0.72154455555555552 0.01960000000002866 4097.287047624668 
0.10761835781455412 0.10358806222236627 0.0023406719013323611 0.0074326461885535714 0.99351566666666669 0.013650000000007564 4648.2170433593283 
0.13065104283761425 0.19058716347536869 0.028122845122669753 0.0074323764509688535 0.9935154444444444 0.017200000000002488 4648.2170433593283 
0.095171817108579526 0.16399863170744289 0.025035349722662047 0.003005841229611153 1 0.010049999999985898 inf 
0.083484801505541301 0.12038997900909197 0.022325782372442184 0.0029113595283616037 1 0.0080000000000058392 9731.645939797716 
0.11635909526414588 0.19445341078176526 0.024262097218673125 0.0067102180626186468 0.99666566666666667 0.015949999999980095 6196.4446028936754 
0.12035788775260614 0.17282607657730248 0.030048138358232921 0.0057079651828989553 0.99943488888888887 0.014650000000003771 4525.0130867918879 
0.062382794448151993 0.04205872645933021 0.010228112927119183 9.4353375856861079e-05 1 0.0021000000000033861 inf 
0.54852250265459523 -1.5627453376677496 0.030048822484454826 -0.10055778789519243 0.75914344444444448 0.021349999999986879 1016.3069149705515 
0.5767135380618813 -1.8122319379443474 0.031201696539535365 -0.10209805092891908 0.74352477777777781 0.020749999999966403 1794.4776458114793 
0.19452417338329017 0.11812576490848979 0.0160982413137769 -0.0065554815629886472 0.94653322222222225 0.019999999999985033 19230.203097087619 
0.08505592463811236 0.14157471443710812 0.024260919466673435 1.0387097789170752e-05 1 0.0062500000000105631 inf 
0.13487887241738131 0.18499945822977484 0.025422049104875756 0.00089701464450015562 0.99347933333333338 0.014850000000018827 8692.6381817959045 
0.41751444981600105 -0.71631939305699976 0.031200908495090673 -0.06947220931545689 0.83926288888888889 0.022500000000024924 5748.4192846378883 
0.10526756574097194 0.16354981526654205 0.024648919693335918 0.0057960596563389121 0.9999568888888889 0.013200000000003813 inf 
0.45367033542301455 -0.85859786276823502 0.028120718368002059 -0.083216500187028988 0.81752388888888894 0.023149999999987767 70102.65611650463 
0.11688260937646855 0.18530515005142362 0.026194733026667104 0.0066902081840604652 0.99666644444444441 0.015499999999979672 1917.5232844142042 
0.57829327355041282 -2.0032302231023702 0.03235181144001479 -0.10183158304422875 0.7335395555555555 0.015750000000020407 2452.5182070435244 
0.32731529837419343 -0.56643112405356189 0.027352932907552339 -0.053599969516061767 0.87857411111111106 0.014499999999998247 8692.6381817959045 
0.13268852486993277 0.050643650865841126 0.03120013189242396 -0.0011305838002245254 0.98850300000000002 0.011250000000012462 131815.3049626766 
0.17128284028772889 0.19864348835995682 0.023486123031109148 -0.00030235022810331234 0.98267711111111111 0.020199999999980574 4558.488292519909 
0.3958017909673387 -0.53011569219220978 0.021161513680886802 -0.071866530397495035 0.8456245555555556 0.022500000000024924 2962.2370460326806 
0.11894537716196239 0.19470796178439007 0.028123890603559149 0.0057861036043747992 0.99686966666666665 0.015200000000028897 3265.5473802903712 
0.10527039791234245 0.15731705563077059 0.015319001972441574 0.0066902421796568171 0.99666644444444441 0.01410000000001117 1917.5232844142042 
0.11669087266041232 0.095459112823849446 0.029278060804423665 -0.0037703669896841708 0.99163511111111113 0.0078499999999951196 inf 
0.61043472269941179 -2.0672374462871121 0.031201104741312945 -0.10218905060459479 0.72855633333333336 0.022750000000033969 2370.7217127382737 
0.64052351836518473 -2.2545450078653357 0.033119424356428305 -0.10265398275546916 0.72025799999999995 0.025349999999940382 2732.4662725046937 
0.65632316439436289 -2.310575445699762 0.032353191275570736 -0.10266689744747327 0.71685966666666667 0.027450000000033326 9903.5320303727567 
0.6726399149927641 -2.7119154190291117 0.037323616222252644 -0.10233762577323102 0.68882222222222222 0.022549999999964099 6435.7928249066854 
0.11526731958192182 0.13863778901536061 0.030048410574232846 0.002749286177721192 0.997525 0.01175000000000234 inf 
0.64081043370339974 -2.4660285353082827 0.035033902841755199 -0.10229911313270994 0.70245788888888894 0.020299999999967001 inf 
0.61544411624750373 -2.3305247526470296 0.034268937845340505 -0.10179624717966716 0.71095511111111109 0.017599999999972169 6196.4446028936754 
0.55412350625857321 -1.8470628666311413 0.030047821142233155 -0.10269217490354242 0.7400173333333333 0.012550000000002658 8244.6989988849455 
0.19409197043536122 0.096314050317619027 0.026194736945778216 -0.006324636355915173 0.94691099999999995 0.019099999999983779 8655.1037266331459 
0.072636654620041638 0.064971812141609547 0.0070794389306626576 0.0029113617627451126 1 0.0060500000000025264 9731.645939797716 
0.083438023800914557 0.12944696971061109 0.01921660460889605 0.0029459407713275155 1 0.0082999999999939771 9731.645939797716 
0.093884233204018744 0.12255401812071133 0.014144573843553013 0.0057980242878224618 0.99999966666666662 0.011300000000005219 12527.14536559003 
0.56480236837328102 -1.6896195505668321 0.025030741159108812 -0.10234636920855121 0.74880500000000005 0.021250000000008335 6801.4527359679687 
0.60992714314141161 -1.9176547823570838 0.02812156681333576 -0.10241983519194287 0.73550599999999999 0.026100000000032129 5539.7915966548862 
0.11726782520873005 0.17606425307441359 0.02735226807466307 0.0066954544654001273 0.99666288888888888 0.015249999999991503 3426.1194573693274 
0.07266283705229816 0.080120482339674531 0.01531893773599716 0.0020047603005368697 1 0.0056999999999932192 inf 
0.083253785298042185 0.10988781210304847 0.015320143922663435 0.0039308148313075449 1 0.0086499999999909202 inf 
0.1174352398452185 0.20967303163259976 0.026192362041778314 0.0057967016087221331 0.99710555555555558 0.015599999999969843 4898.3258068102141 
0.095013039845313951 0.15754334424315472 0.026194618379556011 0.0028858276629253883 1 0.0098500000000039355 inf 
0.10508229341901661 0.15130633734198179 0.018049922703981213 0.006692436482880479 0.99665955555555552 0.013850000000025474 inf 
0.084405366732743903 0.15492997346631351 0.019995162755553662 4.3416830017789606e-05 1 0.0069499999999983342 inf 
0.25672436354026046 -0.16743606194223348 0.023098919081766454 -0.030504820447922021 0.92494988888888885 0.017949999999985405 5688.0195905441569 
0.24105117634590298 -0.015823729660850484 0.030046233644456188 -0.015434734674545045 0.93077600000000005 0.020400000000045569 18479.047430829709 
0.072845567381813761 0.098305664353270913 0.016100201846222406 0.00093881110764041243 1 0.0051000000000113923 263406.60328161134 
0.096716546130736061 0.12907468333678299 0.029276925237312759 0.0029044414541690836 1 0.0091999999999923584 inf 
0.45580095704737428 -1.0531449474387473 0.028122781697780808 -0.089190405041093199 0.804558 0.017049999999987027 2590.7381320315126 
0.12092339177085067 0.20464599337176065 0.02812224738133608 0.0046752865930499415 0.99974200000000002 0.014599999999978597 35774.296039112414 
0.64249664414918672 -2.5878789240395288 0.036181254877336089 -0.10184699073912673 0.69525011111111112 0.018350000000037364 5951.3750642538207 
0.098802986492886991 0.18546068638387395 0.019995162755553662 0.00010085710320065934 0.99998444444444445 0.0089000000000102678 inf 
0.19735617830807539 -0.12970495940158777 0.030047071312011349 -0.021840759142629312 0.95117444444444443 0.010350000000010778 inf 
0.094397918412535906 0.16542047815790822 0.020773293122671878 0.003863172707261013 1 0.010850000000004533 inf 
0.6328488576643283 -2.0439876091027895 0.02812383938667027 -0.10284772847128106 0.72970166666666669 0.028099999999995053 4934.1409784546286 
0.073174561718298753 0.10576504009088472 0.01921831370311829 0.00020801179085315805 1 0.0045999999999961792 inf 
0.083899830717304044 0.14686320523444341 0.015708775423119416 0.001977302241735748 1 0.0080000000000058392 4869.7178938560492 
0.094193451625787794 0.12619444433655025 0.011012285958224026 0.0057980199492071831 0.99999966666666662 0.0114499999999895 12527.14536559003 
0.10793049952611503 0.17793578778770494 0.028123673797336823 0.0039248519507589993 0.99999333333333329 0.012249999999994932 20504.92218024101 
0.11059771932224474 0.21407839088789815 0.021549442607119516 0.0017831155692594593 0.999803 0.012050000000019509 511.32682102119395 
0.21703608796741097 0.12352072216276275 0.019995829671109102 -0.010388231852269321 0.94166744444444439 0.022099999999964471 70102.65611650463 
0.42480152275056265 -0.96984375106396925 0.032350603922681118 -0.065730714278218333 0.82854411111111115 0.019450000000005938 inf 
0.11678760243902551 0.23014154291573993 0.018439372237344483 0.0057873536756384483 0.99740455555555552 0.016499999999969563 5688.0195905441569 
