0.077643093710586766 0.034652787818785676 0.047512670127040149 0.043920619023283473 0.046369961738053925 0.04492574258151711 0.044966772399366549 0.044702807138186459 0.045606207378532222 0.045250068302900827 0.045364936871149446 0.04456310528765664 0.046453756786555431 0.044527321557917075 0.045426808424453902 0.044639573960949572 0.046269221566900255 0.043996016576135354 0.049357758500677099 0.10000000000000001 -0.71413986985241551
0.077742170543723885 0.035430655302597321 0.04818988467377542 0.04383271592125669 0.045975353951255737 0.045006847027450475 0.044761596948176628 0.045284943673905079 0.045880360837364506 0.045015460039772616 0.045080156411189183 0.045282605943056956 0.046189378769834755 0.044900991575159997 0.044817118294839101 0.045079085666554608 0.045548208698342793 0.044132654370562387 0.049156344867046696 0.099973612169423798 -0.71413986985241551
0.078407647848291989 0.034683609491339203 0.047953020841467721 0.044959198526540047 0.044519964223459191 0.044559146500080582 0.045722274334871464 0.04472109461588325 0.045423914010963032 0.04468912218794345 0.045857712162444692 0.044731366689109611 0.044534088762742174 0.045318830272766578 0.045553610217246424 0.045494622389721538 0.044723645240884388 0.044672326317953072 0.049136658211223067 0.10000000000000001 -0.71413711323380247
0.078061690392194988 0.035215446429494306 0.047944468909967883 0.043754572564962201 0.045903368774067671 0.045033699033830851 0.045185036689054138 0.045492952184961591 0.045525521282793885 0.044709199717264961 0.044589564174805654 0.045380369944928223 0.045574171926909976 0.04516350318494422 0.044979928719586747 0.045328033719278897 0.046104997556190422 0.043671696829995388 0.048805442200038927 0.10000000000000001 -0.71413986985241551
0.078113633416756839 0.035422648209060527 0.047833245301899703 0.04367091270646254 0.046474583755937098 0.04465811222904454 0.04472403038886389 0.045467514242459768 0.045693434242652195 0.044868819769939422 0.044860869284732922 0.044673666115213978 0.046280438411994945 0.044997204852589387 0.045104739272137366 0.045408310659466426 0.045631714166457865 0.044311078087134685 0.049072848053266671 0.10000000000000001 -0.71413986985241551
0.07781876275440984 0.034904722310771935 0.047889702547851805 0.044250771451441413 0.045943853299294866 0.045297276986989009 0.044653675068497739 0.044742020531744434 0.045703785417449683 0.045306237584473261 0.044876510408834454 0.045165003151327252 0.046422129190067156 0.045116940882072666 0.044882158988477382 0.045206889812909823 0.04570884634841426 0.043603108914517678 0.049218746604379172 0.10000000000000001 -0.71413986985241551
0.078179763003571434 0.034834286622040869 0.047958730607164289 0.043707012756323806 0.045989960513576802 0.044901217053055664 0.044581470800196699 0.045234181848972599 0.045609269196412665 0.045078399750414541 0.044805278362434524 0.045425388882675187 0.045553383427772667 0.045193781954555173 0.044652551824721082 0.045147635688172906 0.046434577394353374 0.04399819905218439 0.048830775176614841 0.099997217247631179 -0.71413986985241551
0.077527772942520307 0.035432985143403171 0.047521494266036385 0.044349512766902494 0.046192971333320926 0.044632049207202873 0.045494955812855342 0.04456018305899178 0.045964188182915873 0.044751383917044515 0.044714873321406334 0.04530224312830404 0.046326755364596572 0.045314589563723626 0.045139902810084488 0.045120133480050728 0.045535073638231574 0.043825143532214436 0.048960396392223139 0.10000000000000001 -0.71413986985241551
0.078462142073848912 0.034946004457620701 0.048325259151857661 0.04430327027318208 0.046245237919017183 0.045207143418272887 0.044884860201488158 0.04533725357130703 0.046493335875587377 0.044947912107040147 0.045286197077716479 0.044927496164401323 0.045783544198768553 0.045416694231455897 0.045267295582396561 0.04501329786685531 0.046243156884691647 0.044348944620855049 0.048918101209149863 0.099905378080662507 -0.71413986985241551
0.077577114004253656 0.034658149285013783 0.047949165803131362 0.04442966639133273 0.045728881580352286 0.044791605127675056 0.045025740903320996 0.045162120522141642 0.045652583030538069 0.044762942522425228 0.045321350902461345 0.044767105450409385 0.045797826558443527 0.045330562852359126 0.044613122920546748 0.045227828066819013 0.045799421424754974 0.044257481224914116 0.049180166195029934 0.10000000000000001 -0.71413986985241551
