0.20516297663853011 0.37559347380870162 0.021167254000000853 0.0088706137165599323 0.98033800000000004 8.6719999999990632e-05 0.37251126052011768 
0.20547819875727 0.37593626100895206 0.021555394375998852 0.0088932733819402244 0.98015200000000002 7.8840000000015786e-05 0.37213467314941617 
0.20542035181098417 0.37623144243939821 0.021943467752000612 0.0088785957503584034 0.98727100000000001 7.0600000000001797e-05 0.37357592517645433 
0.20517124133631587 0.37548760584858853 0.023881047392000147 0.0086768530868313199 0.98949799999999999 0.0001167199999999943 0.37056185294672972 
0.20514157258934251 0.37613678821966684 0.020778999880000221 0.0087432274138945984 0.980132 5.8600000000010152e-05 0.37416804281338711 
0.20597337779949329 0.37565443278361949 0.021943467752000612 0.0086641618953633148 0.98047099999999998 8.8399999999990358e-05 0.37198742650057398 
0.206297286351485 0.37609553623950492 0.022331304471999713 0.0089430752636324422 0.98421800000000004 6.6000000000008028e-05 0.37323160506298736 
0.20372114414140763 0.37562500351092659 0.020779003328000221 0.0086894908668523462 0.989174 7.7679999999995814e-05 0.37324553659559873 
0.20433776116891489 0.37618315550939957 0.02233131052799971 0.0088646231114968381 0.98942799999999997 9.1440000000023438e-05 0.37287279865174255 
0.20576228518792328 0.37584193677941963 0.023106451295999204 0.0084772854328562103 0.98181499999999999 9.9159999999988771e-05 0.37196513072931875 
