1.7681197003495575 -8.5960543365852669 0.030436711935998038 -0.33476523441531902 0.11655799999999999 4.3559999999998241e-05 -8.5984111035174173 
1.771968392285534 -8.6471444962451383 0.030435080079997935 -0.33470751560892542 0.11355999999999999 4.3559999999998241e-05 -8.649501263177223 
1.7722244131265885 -8.6476066353545544 0.030424722503997602 -0.33462552533727719 0.113348 4.3320000000009357e-05 -8.6499527180603994 
1.7722507295885728 -8.6503752328462262 0.030430058695997752 -0.33462220043438429 0.11315 4.3559999999998241e-05 -8.6527319997783483 
1.7731420059803349 -8.660792972562211 0.030429292119997758 -0.33471941914697784 0.11249099999999999 4.3559999999998241e-05 -8.6631497394943722 
1.7703107100329976 -8.6253481880371314 0.0304338698799979 -0.33472327933065232 0.11496000000000001 4.3559999999998241e-05 -8.6277049549692357 
1.7715493425194826 -8.6399007116525528 0.030428245959997706 -0.33469460064605439 0.113773 4.3559999999998241e-05 -8.6422574785846447 
1.7702679608012422 -8.6253276984950435 0.030438523375998131 -0.33470461158539161 0.114798 4.3559999999998241e-05 -8.6276844654272065 
1.7744109126472085 -8.6777515539249883 0.030423848383997587 -0.3348306636795696 0.112301 4.3559999999998241e-05 -8.6801083208570482 
1.7684263519314791 -8.6009580890892732 0.030437759335998068 -0.33470629407226232 0.116478 4.3559999999998241e-05 -8.6033148560213419 
